# id:7-7-7 
-0.91,-0.76,0.031411073283688
-0.66,0.79,1.0988279874477
-0.21,0.45,0.66823176065789
0.26,0.53,0.30938799762491
-0.84,0.9,1.6141512713071
0.19,-0.72,-0.59955372085805
0.57,0.93,1.4112973601275
-0.14,-0.84,-1.0828382584638
-0.04,0.1,0.082454198181161
0.53,0.52,0.6985874927174
0.96,-0.7,0.099782906558059
0.46,0.13,0.46406810729544
0.21,0.49,0.54415114430646
0.09,-0.79,-0.82450456052959
-0.29,-0.71,-0.90952107699554
0.91,0.54,1.2190862531274
-0.04,-0.19,-0.4894782867988
0.5,0.02,0.21511822595621
-0.62,0.45,0.90248440139615
-0.67,-0.54,-0.542371542348
-0.13,-0.81,-0.66956611860441
-0.41,-0.75,-0.63202038991939
-0.3,0.99,1.1784586005312
0.25,0.09,-0.20593120545038
0.05,0.5,0.81332615038909
0.1,-0.09,0.059919950279361
-0.68,-0.26,0.28457624137426
0.15,0.11,0.18147083556768
-0.34,0.91,0.90272671592713
-0.97,0.79,2.0015490732737
0.96,0.21,1.0647764301616
0.99,0.47,1.5212589361161
0.55,-0.48,-0.12298224187102
0.48,-0.26,-0.11565128082808
-0.63,-0.36,0.22604882187325
0.68,-0.65,-0.16248075832814
0.39,0.83,0.97084732984826
0.75,0.88,1.5065719525899
0.6,-0.36,-0.17294152814692
0.83,0.49,0.84126408916563
0.44,0.87,1.0757831103606
0.26,0.42,0.44292560701562
-0.98,-0.27,0.47168879520521
0.69,-0.24,0.27986565914416
0.12,-0.56,-0.85769178723473
-0.67,0.32,0.94264195755165
-0.97,0.5,1.2380386947961
0.37,-0.1,-0.050149678766688
0.7,0.99,1.4898058902383
0.45,-0.91,-0.89465409416268
0.99,0.05,1.0213053656758
0.22,-0.45,-0.8125582441527
-0.57,0.95,1.1442907171635
-0.78,0.15,0.95007174138362
0.62,0.53,0.98613431272482
-0.22,-0.06,0.070963031685061
0.95,-0.23,0.59752255950484
0.38,0.24,0.42524238020809
0.55,-0.42,-0.17836011074887
-0.66,0.49,1.1013012788209
0.37,0.48,0.61874591353935
-0.74,-0.96,-0.50413377603144
0.36,0.92,1.3217926606758
0.82,-0.99,-0.30537561269677
0.16,0.49,0.47329320177474
-0.08,-0.01,0.18463225602358
-0.26,0.87,1.3873449778198
0.58,-0.09,0.29594163602319
-0.31,-0.72,-0.71336234516946
0.02,0.76,0.60209084151302
-0.39,-0.56,-0.38297666367859
-0.85,-0.07,0.79873264795607
-0.83,-0.57,0.14831752037182
0.35,-0.43,-0.36474712649907
0.25,0.9,1.0931993287951
-0.37,-1,-0.80361033107818
0.45,0.81,1.1205191298261
-0.87,-0.48,0.068561467079837
1,-0.03,1.0783848000654
0.4,-0.72,-0.81867738976081
0.53,-0.41,-0.23175371094117
0.14,0.41,0.31375100899639
0.91,-0.66,-0.04723132317557
0.03,-0.08,0.042095132435713
0.11,-0.54,-0.67634932380849
-0.88,0.62,1.3894357838642
-0.65,-0.11,0.22047730330368
0.58,-0.96,-0.68509141420696
-0.4,0.19,0.16888734391896
0.15,-0.44,-0.52425864790743
-0.1,-0.45,-0.49067511395151
-0.21,0.65,0.70487843781449
0.75,-0.68,0.12895273585712
-0.69,0.82,1.4718739548527
0.74,-0.14,0.53863067119641
0.58,-0.33,-0.10376758246416
-0.86,0.55,0.97991818911119
-0.65,-0.5,0.039372535316597
0.25,0.21,0.27589304006926
-0.88,0.27,1.1404908102336
0.26,-0.48,-0.26064650363904
0.3,-0.05,0.011099072164026
0.31,-0.07,-0.015245236712781
-0.89,-0.89,-0.12469566768824
0.61,-0.63,-0.16511877161949
0.69,-0.62,-0.30411203141079
-0.54,0.35,0.99172037458922
0.09,-0.02,0.034699097843208
-0.61,0.71,1.3976361269654
-0.57,-0.52,-0.038234534866304
-0.5,-0.76,-0.55013855233537
0.03,-0.6,-0.87417019597566
0.11,0.19,0.33405764556837
-0.8,-0.27,0.10980944375596
-0.45,-0.16,-0.46359677772181
-0.29,0.89,0.6976688211929
-0.45,-0.76,-0.52234232508387
0.62,0.79,0.99454381592673
0.34,0.75,0.73127925032274
-0.29,-0.29,-0.36263608850097
0.09,0.13,-0.13802020749979
-0.01,0.04,0.01723021245756
0.11,0.82,0.57831697089807
0.72,0.83,1.3007334427474
-0.45,-0.79,-0.5858947585887
-0.12,-0.05,-0.25049914717439
-0.14,0.34,0.10495554795743
0.56,-0.02,0.20977396443117
-0.01,-0.06,-0.21798037618777
-0.65,-0.82,-0.65532401593484
-0.77,0.72,1.3076491066208
-0.41,-0.74,-0.85273270574481
-0.74,0.85,1.5874012125508
0.4,0.15,0.15064986260597
-0.71,0.1,0.85445378773193
0.36,0.56,0.63311535692788
-0.51,-0.17,0.5089089906985
-0.81,-0.21,0.12526124931995
-0.57,0.25,0.73401324490974
0.91,-0.77,-0.36209230033148
0.22,-0.09,0.23140582756539
-0.41,0.38,0.40627995359956
-0.25,-0.16,-0.26885721661506
-0.65,0.46,1.3222009210681
-0.1,-0.01,0.10860456435437
0.57,0.68,1.4606305948472
0.42,0.68,0.92377812278867
0.75,-0.93,-0.18799725917735
-0.48,-0.05,0.16962398046535
-0.91,-0.17,0.59512497084477
1,0.61,1.6878076446949
0.78,-0.15,0.44001820338109
0.3,0.27,0.15195743778799
-0.45,0.37,0.59970864744678
-0.59,0.18,0.21006547529307
-0.06,-0.78,-0.77260836544427
-0.83,-0.29,0.39917373171102
-0.45,0.15,0.31065015644871
0.98,0.94,1.8159238699474
0.02,-0.69,-0.44995997462809
-0.86,0.39,0.96862517931779
0.53,0.81,0.9179176633513
0.1,-0.18,-0.11747048045928
0.71,-0.53,-0.074123442612214
0.1,-0.79,-1.0149077773629
0.45,0.42,0.53251543691309
-0.08,-0.28,-0.20632495814086
0.58,0.3,0.52703223871689
-0.75,-0.39,0.17214541078086
-0.79,-0.95,-0.23324079611148
0.35,-0.25,0.15866936629765
-0.92,-0.25,0.82385985714803
-0.13,0.04,-0.1389917643533
-0.89,0.86,1.3335563432129
0.55,0.79,1.0024874641822
0.57,-0.73,0.16150963908334
-0.31,0.55,0.84711385388771
0.06,-0.34,-0.32757708959012
-0.26,0.05,0.30858921195554
0.84,0.81,1.5961050594076
0.1,-0.4,-0.71423747917725
-0.22,0.99,0.99622809311526
-0.54,-0.45,-0.32951890811195
0.19,0.11,0.32939204008499
0.64,-0.12,0.33701528354041
-0.48,0.03,0.19734834833205
0.19,0.68,0.75335672313945
0.65,0,0.36809437867696
0.86,0.39,1.2075435439504
0.77,-0.8,-0.083029803236838
1,0.33,1.3235827076098
-0.72,0.65,1.2477202576917
0.46,-0.26,-0.12286690831511
0.86,0.33,1.0703860440194
-0.87,-0.55,0.54049195830611
0.91,0.22,1.1456749748637
0.62,-0.12,0.25860226214525
-0.03,-0.46,-0.86533100730684
0.82,0.98,1.2008567339258
